3 3 3 1
0.10307436459116935
1.0409716906051327
-1.9426280598999555
-1.0904109381891887
0.7001687433492747
-0.21829908838895346
1.9909594157527213
-0.7485423148685972
0.060701726687082715
-1.0821170790379186
2.9103115222596423
1.0205229416700032
-2.6749756828092086
2.2017500617493413
2.2780105537810744
0.17324238666138658
-1.217436247179959
0.6285929189146432
2.7752338500611633
0.018979293597131422
-2.507765237997768
1.7483026782818316
1.5682047147969287
0.038991913975913055
-2.037323404519347
-2.202442013323681
-2.0851664912718366
0.003389429974405809
