30 6 6 1
-0.08145594993873334
-0.6067099115421104
-0.1446134364111713
-0.5836473226504602
-0.04548158476369367
-0.33098933426657773
0.9005332382756908
-0.47113041905364916
0.6525464525730842
0.1164267521522384
-0.5746476442706836
0.3573349938159526
0.043861059367836165
1.261410086865506
0.0949191758305863
-0.13655811024774556
0.19582725164933107
0.8802101705869969
1.3280670181247447
0.45767429781586255
1.0484997138440029
0.4484461010485259
-0.15868701294604515
-0.028410795972067603
1.106390327959617
1.229072007447139
0.3468259914652763
0.3875365331559314
0.627982803861129
1.124525902077264
-0.6384737122045197
1.1033758991368663
0.5634251876437089
0.4669490448734708
0.12735339344020347
-0.6062668133862512
0.7154933848649989
0.19314006639160047
-0.30915599597743193
-0.6447468193129926
1.179201233830522
0.714470864034304
-0.14155245374366032
0.2722361328582672
0.2778062527605567
-0.13359180724473596
-0.6908684072541063
-0.23848050736902637
-0.49074840145829235
-0.4546734625730109
0.8098720692361392
-0.0856207768434727
0.2553082530059267
-0.8031649363336173
-0.09434468409795847
-0.49197109045221943
-0.5643570844528134
-0.15380411443328734
-0.03185281062474374
-0.2647666561418185
-0.5355872967613984
0.9113312659971369
0.03509593738188608
0.5594202573233591
0.8835010493594042
-0.9717994792655309
-0.0996753973078063
-1.013724060893626
0.8418906805870645
0.9330068364436339
0.26259822758347506
-0.18108732749998824
0.7909127494414452
0.7036805863017448
-0.5664504853845664
-0.48386677755191454
-0.6368224306426213
-0.9010256108653145
-0.6318525912354087
0.7662843805017268
0.26263715379876174
-0.3363782850606969
0.22471656522359118
0.6127858089287517
-0.4470437738050923
0.8416679943988925
0.9023275733992153
-0.1665613860743851
-0.3623715400617906
0.9376174210386585
0.7996834268615205
0.5655951655882532
-0.6289705897065805
-0.352171471067386
-1.0718494210517013
-1.0031483638745906
0.8616196146895192
-1.0349973776348211
0.4562318990253975
0.4845025057023764
0.6693107305309169
-0.6409297916338781
0.8159069019894358
-0.20458677881889725
0.47509564920102476
-0.4188560404670314
-0.7915823559682196
0.20915860363910999
0.47292312037460404
-0.7340904605395497
-0.432853734148003
0.7938630066196426
0.5662377273975894
-0.23458372674468841
0.7068673312834912
-0.8060776081138552
-0.5402899390984921
0.37566355782265193
-0.11361221688436275
-0.7946052076283003
-1.043873447656642
-0.5281696990469547
0.19272400297669634
-0.7749986606626798
0.9898739508503385
-0.1654555411607741
-0.2043566290298955
-0.024188155963667822
-0.3848842195723028
0.8005373919684917
-0.29394038302395087
-0.022197999676846623
0.6673105094581666
1.1576765529287751
0.45817006424984297
1.1663658704066857
0.6476510197806074
0.013096152370281687
-0.09530146315002422
0.3014586518669789
0.014128022742505762
0.29535092434115967
0.22717079907800516
0.11643647933795152
1.2366300632123053
0.3058262151297922
-0.22068346554677265
-0.23055217382433257
0.6919215320932803
0.370422301095256
0.5382279607568785
0.08638181893411102
1.0619070013124337
-0.004905008614824122
0.08387883315327029
-0.29039674793858294
0.06800646420792235
-0.29361529891711813
-0.18023717519783777
0.8575524861129562
0.04357892826258161
-0.3940366904783823
-0.30291827476004407
1.012200929241461
0.31485070496186035
1.0591268540820309
1.2487527361557909
0.669154337622393
1.0052475483564531
-0.2790651177580321
0.9418893816567502
-0.5637346501676757
-0.5102325577762608
-0.4858785872418243
-0.24400212599035997
0.2599818246935317
0.1721873071299324
-0.5336295433422507
1.140698877728421
0.6243444448780904
0.9673894534087477
1.0371885989192904
0.4254770057224954
0.06677780971715366
1.228152746953222
0.07400103609831923
0.6174112528132725
0.0789944882632429
0.13576236613369458
0.8346247201150343
-0.5971861396822857
-0.6683850758183472
-1.0481291171179499
0.616475322801632
0.4360735073092721
0.28462210538561084
0.3332613696853921
-0.8720142969623135
-0.25484722659171566
-0.15033458559747692
-1.0544008776951201
0.41538254452636547
0.7865815141013035
-0.7246631138336501
0.11758612107517943
-0.10892507850573434
-0.34225072723454386
-0.26711072319704354
-0.38165816399902464
0.6514652466505588
-0.5203143546456055
-0.06462691721332399
-0.5125065898377026
-0.6511300065633925
0.6933140877740731
-0.639791991457306
0.842626530806297
0.716256606647842
0.8069703634212442
-0.35174953425066047
0.11023890382527463
-0.9246164460439046
0.952150016918148
-0.4479071342988825
0.1948360896706933
0.3149044007578299
-0.39297643884567557
-0.011281365954037614
0.49187983488435805
-0.74991595053937
-0.8046298877678595
-0.8466321139981785
-0.24205348868662924
-0.6419338158380719
0.8725237692562839
