30 8 8 1
1.2323577597244475
0.9612778545848839
-0.05909414736122186
0.3778624804832952
1.025569669398924
1.2128572158350721
0.6226643451639303
0.36217111661772916
-0.15654952794204569
-0.3821460846975334
1.2644697362029989
0.14026212199849186
-0.5616233020533656
1.0227385375851847
0.6852810961746608
-0.12146816560505758
0.6581968605793803
1.0792377350268123
0.7975736109096829
-0.5280232194657699
-0.15333039905604395
1.0871805904109246
0.4248017500537881
-0.4415995992486362
0.3084625897657251
0.8342863504713505
-0.09485479269680396
0.5444219554635747
0.8833489753001729
0.2497687490939901
0.6474145583974121
0.38814585278785696
-0.14128171215496843
0.6177598975214168
1.4588705766799637
1.237376827170467
1.082260087344058
1.4327468087601296
0.3526588118891876
1.0633486575523794
0.7238969883920356
1.035215044094949
1.4014435575514899
1.476539783050073
0.15647648300956302
-0.1144712061993935
-0.1378997137118418
0.6612895500719091
-0.20226293156979996
1.45980393864304
0.5720713415599318
1.3491301240663014
0.14529707310761036
1.5981755496670766
0.49793921019865867
0.7394157718425145
1.4900894356955643
0.6583407075346407
0.15163861859023892
1.3730216451451787
-0.1192978074229804
-0.03744377070550427
-0.06462860819523962
0.14511112142913823
0.06483175387988892
0.7846341394107473
1.3712242336551181
0.31551552547774353
0.4567188901076255
-0.207891108900554
1.1811784679471942
-0.08583975114608777
0.8985864103797909
0.9483076019193001
1.3915453752104037
-0.014980502931881544
1.4691755754462248
1.4165783254273452
-0.02574014087576812
0.5260450856006462
0.541681258498184
1.4743520971534232
1.3654933214209937
-0.07425650696008113
0.5849760512729681
1.3341806257602518
-0.2172504737654835
0.17617969268343575
-0.25565918662574627
-0.339665880433406
0.735709902028125
0.1172963765625931
0.5890844031521826
-0.03572351962699528
-0.04259560992355194
-0.7295964683265435
1.0997830413307914
-0.5224288484813266
-0.7245975481248592
0.12161970592894779
0.8655700665602812
0.8472424555749765
-0.6286277259120652
-0.8128801599251996
-0.5435560648539421
0.20568858909851512
-0.37865121377037747
-0.19148817220466596
-0.1089942366724066
0.6989759991084712
0.857795620720748
-0.3325122464279129
-0.000248099667675826
0.3244564565718613
0.43636134251450964
-0.6565418801666913
-0.8563679624731864
0.9838276939473614
0.6413660953029501
0.9554326112894711
0.0027767443044187457
0.17164344880974886
-0.4923317863931824
-0.09951509438860653
1.0826682091148574
0.36243006653623533
0.7585646238252122
-0.30746082908924943
0.9969669484930925
1.1730710747720394
1.2424693115886447
0.9408918306844473
1.2342765461512997
0.3054274225051952
0.5645461063977578
0.6103481872992058
-0.28959123161287026
-0.5997256438247129
0.30247998992745756
0.9896096368219147
0.7134928210063383
1.5117159044662216
0.2572114304992171
-0.052017201707368906
1.1452106298518585
-0.5346445617333859
1.1919321500125708
-0.4019991121254059
0.44780021733579883
0.412659929754352
0.8038418019632908
0.33029734516632736
1.1322446219922837
-0.0987434181286761
0.042853177370774875
-0.08891501535020452
0.6140396292447153
0.21452360592050776
1.5588826731539016
1.4857091998059797
1.1566933015778555
0.16190181758102024
0.963926936929176
-0.1330418401524493
1.5400998018041374
0.8622779779343326
0.7913620856753741
0.9917496092527903
0.29853184130014165
-0.12182056583047224
-0.04241849682672561
-0.27923716592258474
0.28678490909555565
0.2105373082641708
1.4177514093083894
1.3723958650234163
0.28332638791902864
0.49066495124354004
0.5347483769262666
1.547768490548836
0.4278359184776721
0.701623863155212
0.2715614661580472
0.035112571196768694
0.6564281945432918
-0.17364402275845403
-0.7871561342200029
0.3410217838373786
-0.8258230590615006
-0.38606747027770316
-0.9045897813946837
-0.17474066686502954
0.8971811106546672
-0.11850885085681617
1.0173406904415594
-0.5441803743892393
1.0350905474337193
-0.9305908257881201
0.8905565095211501
-0.40939716399168957
0.691424811868651
-0.7176115287105609
-0.7618736682159548
0.48394695658800707
-0.6220593508534937
-0.8836860737448602
0.6112098135086366
-0.04295009256425636
-0.5112177268880824
0.24266435550360166
-0.5096849946502797
-0.6347280141999905
-0.4661340285239397
0.5684371350417372
-0.12667372766874507
-0.1990687330335872
-0.03275565879898261
0.5144047367158178
-0.12287499101447968
0.522971620121941
1.4805037339739608
0.17598787677235544
0.5804724268349345
-0.3026831879271003
0.26084561300192366
0.08042768223392281
1.0632787199679519
0.019909624008471835
1.6433193996648443
-0.06000295927821096
-0.169070699887527
-0.2839862370233892
0.5561096586448309
0.7327473576017889
-0.26951333205787353
0.4355122675934508
1.1161486079782448
1.1622888709534407
0.23902880303979512
0.36935812710395033
1.2679722717261381
0.3804252498258993
1.1741679516030967
0.8002636221678293
0.7658510605724634
0.33594972690393177
1.0843278086494497
0.561327040938901
0.7596220049808913
-1.373273859872142
-0.3621666136548351
0.9487206792391227
1.4162838938493496
0.14250321122771137
0.46497186236965166
0.03968742463689541
-1.355267766212411
-0.48362947711637294
0.09534733867818274
-0.8599322110471781
0.15821458073548994
0.11912155407422642
0.35622682784487947
-0.22700412940946557
0.2517581956332029
0.2821245132287342
0.05203494386827111
-0.30255231991465337
1.035955372425661
0.6719289978828298
0.6012458930306148
-0.22011446626614894
0.0462732156346276
0.014229283019010414
0.6626838655658367
-0.6498716001002496
0.10711173411276168
0.12998086245495233
1.097175033998797
0.006687184982751787
-0.12176813708891662
-0.7101346210219459
0.7587042875209213
-0.3077183383161677
0.4923996031593887
-0.7829696261839296
-0.7908976826788872
-0.815344832356435
0.20883837374941994
0.442765078935607
0.2162080067908272
-0.6783902076088146
1.0749617741997768
-0.761911229499888
-0.29601432728658916
-0.4377412263112477
0.047563277150374325
-0.49390461268152186
-0.05139671518412002
0.09407171571865355
-0.6459601109835285
-0.8789858137331179
-0.6649526908876615
1.040924677406841
0.8746276988540163
0.38637893498268316
0.3623151684463044
0.8401327464662991
-0.3101123830335377
1.0065594664502773
-0.2776276963408617
-0.1802080000638353
0.6099948002471651
-0.5011748073035645
0.03671243823772585
0.0940911603978883
1.0772609925666228
0.7115989327441821
0.373516962616792
-0.70981337856667
0.9294792929846079
0.541406859734644
-0.11198146116619333
0.573884160893837
-0.7141094117813442
-0.418770684598871
-0.04437972960593821
-0.6106101404330646
0.2370525363114191
